1000
160 49419 1254
222 43519 2461
339 38889 85905
409 63568 39031
602 10061 992
672 23064 60218
833 63580 77781
1012 6047 74927
1034 42927 4845
1103 5376 39229
1120 83293 6927
1354 92928 21725
1565 10899 86373
1646 53264 38152
1735 92370 13493
1807 79620 58286
1818 26537 68385
1846 47094 90020
1926 86556 8388
1946 99541 72042
1958 15297 33087
2273 73429 54123
2514 67535 42112
2586 2061 44654
2711 21015 95312
2730 96355 95933
2804 84323 44708
2923 26593 92887
3200 45208 61473
3238 52007 61395
3261 6255 56121
3445 66362 43876
3517 42312 37222
3572 36130 84915
3577 80647 17588
3645 18688 40874
3668 76735 56380
4230 33550 97298
4303 90845 16900
4618 14912 9714
4703 18921 60595
4954 22101 48958
5035 64767 22870
5134 12796 7289
5150 93916 5870
5268 94660 73787
5480 55609 30367
5541 62990 84831
5545 67182 61376
5571 78375 70750
5652 6205 63879
5941 54004 31582
5962 95249 68199
6048 27767 39927
6160 39800 78019
6341 2797 86046
6360 33269 40459
6645 85412 67641
6874 66202 20596
6881 29618 31961
7104 655 88776
7145 93462 52166
7146 19149 24250
7206 50372 40674
7415 82174 49499
7586 40422 5396
7651 17340 71392
7756 57972 62740
8074 36766 40531
8087 71314 77726
8113 37943 92941
8297 27249 66161
8348 90696 13318
8349 56881 62597
8383 91260 22899
8425 95239 16391
8444 34624 39979
8504 77195 51920
8552 99356 26249
8690 25105 20517
8983 92340 64457
8996 73666 11171
9031 53992 3213
9053 56188 95216
9112 8622 57622
9151 83528 40533
9236 7838 783
9333 8624 67344
9383 83464 52542
9416 90087 27392
9536 14555 28268
9538 11776 14652
9606 83629 85680
9698 43783 72027
9871 90374 38477
9872 76687 26188
9910 66228 48978
10133 87113 61903
10154 87141 39087
10202 89365 11473
10210 52014 38899
10572 6399 14205
10666 49856 96192
10677 50199 65377
10773 12019 48933
10802 27312 51701
10879 78289 94993
10882 44066 63178
11109 60732 12428
11121 16288 78027
11229 29143 78445
11247 91575 63978
11459 71569 14917
11530 89967 93910
11704 640 81470
11750 67207 64073
11790 14203 59864
11900 45604 49838
12020 29019 98494
12062 70718 58952
12167 32918 88417
12203 72920 26845
12309 94936 20550
12333 25296 18392
12394 72509 49037
12488 96449 2444
12590 38157 21022
12773 10695 43917
12790 77209 54955
12802 88174 99910
12881 39602 61583
13050 47064 6936
13081 45744 9445
13157 88189 8996
13198 49031 94207
13209 22341 72274
13351 72299 2156
13374 59491 44957
13394 21581 3090
13413 31697 21261
13422 12478 25084
13431 36787 9860
13608 80213 86931
13755 44378 39002
13777 43669 83674
13854 72953 51401
13873 47205 47559
13916 41391 10670
14026 66098 26014
14189 479 42177
14262 10023 42171
14716 59050 45831
14987 19512 65962
14993 63116 85274
15185 38808 78195
15239 50320 82583
15251 1703 1963
15365 71669 31494
15580 89973 74537
15896 61949 69660
16114 60525 75813
16610 55179 91849
16671 26913 97190
16710 71959 63751
16826 1659 19626
16841 5208 11321
17033 92963 2474
17039 28496 85641
17106 29118 93858
17161 20847 94741
17205 74066 52904
17213 10622 49280
17387 17119 30192
17649 33084 9272
17712 79687 66282
17713 90361 82966
17812 86898 35965
17877 42914 42290
17899 72539 33897
18070 67541 33333
18083 62799 51504
18113 34880 55915
18158 80103 76295
18185 98238 26381
18215 38150 4183
18347 83317 59524
18420 27955 59723
18444 85316 21204
18511 66096 90168
18548 17814 31269
18747 52698 26619
18784 5498 9649
18896 81189 68679
18908 68575 4266
18909 80338 39699
19017 13630 26184
19093 59600 42826
19204 77180 13888
19327 54390 35260
19368 78444 33645
19548 9173 72018
19667 63797 9338
19782 51387 3055
19956 51326 13801
19988 53284 94894
20007 6002 62806
20208 34412 45391
20549 55985 58414
20568 97851 38828
20581 7069 90081
20598 71838 94795
20604 20750 8667
20775 54015 30126
20808 56784 52738
20890 81117 86337
20892 62894 13073
20895 85653 90517
20941 60895 55230
21193 93401 68138
21219 62791 49125
21397 61729 10310
21512 47137 24759
21869 76739 10580
22176 83123 11742
22320 67118 90207
22378 31209 37357
22405 91830 66785
22429 86711 26906
22496 76685 55131
22543 43250 28481
22593 14784 17072
22672 2166 93132
22785 17132 49811
22868 35115 6419
22896 30476 64196
23000 32758 33292
23050 19450 84433
23190 72246 70474
23368 37628 17317
23477 22620 47801
23624 32825 11940
23930 49505 57894
23951 22767 79967
23994 33302 88653
24008 87596 1653
24160 66853 53737
24170 27276 40392
24279 11840 44241
24286 33199 91744
24415 73035 10075
24433 82533 50593
24484 81541 14204
24624 6230 34272
24786 48927 54407
24826 65755 45073
24864 8084 45165
24967 8853 50317
25334 73107 41805
25515 14316 3358
25540 6964 2054
25645 34307 61348
25752 80975 84074
25807 16234 40873
25904 18075 54522
26074 65923 59437
26215 95128 4446
26222 4206 60286
26439 98232 78253
26590 75495 91941
26648 6915 15366
27028 17866 19706
27045 74633 64230
27268 46246 46903
27295 83036 3724
27549 29158 62172
27588 65247 64502
27616 39455 93497
27795 33759 24254
27851 18839 54690
27857 76694 82426
27971 17686 1978
28164 23729 96866
28180 12651 51682
28188 99480 53861
28339 85294 89622
28579 80137 95142
28663 39588 80084
28692 98844 71600
28781 74471 62345
28786 6738 41453
29045 7807 61711
29097 29416 31863
29199 82465 43166
29408 19838 23738
29442 94523 72272
29444 97275 403
29454 51700 64069
29552 81416 68019
29825 29648 4636
29906 39553 63648
30019 31198 40140
30083 14449 93943
30132 42142 29554
30174 51318 1169
30302 53 3358
30384 84441 79012
30579 94560 39641
30636 10807 50852
30818 9755 54723
30892 89460 72612
31122 86270 52855
31224 58226 99276
31252 18352 38572
31266 4506 28900
31308 68781 87213
31327 40350 49832
31344 91864 16621
31644 33874 21757
31656 27693 87245
31744 66380 81456
31753 22998 65371
31808 74678 11922
31879 42020 42418
32006 84158 91548
32247 90396 55228
32248 30467 78476
32252 1541 40499
32254 47110 31824
32497 29669 65580
32516 68298 10564
32534 53088 63113
32605 41346 45644
32671 81778 32675
32747 10402 25260
32777 13816 83782
32781 33537 12907
32931 16358 66052
32942 5425 36959
33069 58757 43001
33080 34802 41371
33168 80063 15224
33210 59109 29736
33228 17568 4304
33235 53135 74863
33532 97994 29923
33671 28590 66240
33713 38858 16219
33773 88775 90007
33811 65963 29398
33891 36720 83625
33950 61629 95165
34023 65409 52986
34040 87678 58528
34198 82583 66367
34238 72165 73598
34330 67812 93605
34385 36926 3327
34389 20377 58408
34434 83524 29538
34447 22624 78054
34646 61016 88656
34772 73570 15000
34778 76290 73367
34789 8108 44604
34813 51547 68707
34999 90738 19660
35074 99013 93902
35079 73384 68555
35277 53081 59284
35297 1862 33556
35315 79449 44946
35317 5316 82121
35861 54646 29067
35924 23365 73636
35934 1549 81613
36065 19363 75653
36103 20082 62029
36293 44520 98990
36320 86871 67954
36583 12087 76352
36645 9838 36921
36679 44386 78777
36721 53036 5063
36745 15158 98800
36850 34394 62563
37124 24417 4947
37242 19533 19813
37453 9853 13793
37504 46485 84860
37732 71506 10235
37820 7598 70436
37862 14015 81160
37947 45939 32658
38388 48643 62736
38452 73436 83075
38463 1822 58300
38489 41704 39974
38640 31120 77557
38702 64632 31757
38731 1191 72697
38795 65387 91811
38994 88111 59092
39004 40967 49792
39095 61722 83140
39224 42210 65549
39253 95348 66568
39339 53089 19653
39360 51078 87021
39474 9424 77647
39500 10482 20201
39553 73786 39649
39681 1889 7400
39814 9734 51538
39829 77432 74984
39840 12087 3991
39889 32781 41510
40153 90474 26449
40158 48891 41330
40182 38234 7597
40240 78820 98286
40255 82660 93910
40364 7316 39019
40679 55930 11262
40697 63941 74872
40733 31524 27530
40912 2523 20158
41040 32487 90145
41064 51851 98437
41160 22911 60265
41167 66063 26336
41219 24049 5589
41323 84487 12954
41344 42558 21774
41617 43344 84195
41629 49182 97491
41681 61729 65688
41722 40009 44136
41728 98174 4966
41776 56679 98307
41906 89263 39077
42223 51861 93607
42266 32434 35962
42285 56398 54788
42300 39583 21782
42318 95931 58097
42399 74409 68982
42436 301 46093
42527 76998 31273
42941 99293 25729
42958 75035 45175
42993 78600 88779
43022 63308 18482
43029 77461 69377
43083 75054 72453
43526 23479 55289
43547 93715 74642
43560 69518 74381
43571 47303 31111
43620 74607 82665
43953 82560 2839
44005 90209 25762
44010 48339 52716
44065 72974 94194
44173 90669 1329
44315 75196 56270
44644 77018 97096
44896 67535 51012
45004 93442 9855
45015 97394 45874
45041 10092 20568
45096 89613 62431
45135 24956 24091
45196 27629 83972
45381 43694 43240
45475 98600 24670
45607 88077 10168
45652 36893 63432
45724 98092 41716
45851 77573 30362
45886 21378 96311
45976 66695 11867
46004 18972 67365
46074 52978 98166
46240 3657 21129
46249 53836 54661
46327 33082 21217
46457 50544 94795
46469 39119 88305
46489 21800 38635
46633 78558 74915
46698 4620 74362
46708 88411 64821
46779 31749 10651
46848 43138 91215
47254 85946 61093
47278 26529 99650
47350 21564 15273
47635 97915 57390
47679 55575 3520
47750 91665 62373
47824 45422 57967
48503 36242 6745
48638 72177 40751
48680 91058 43587
48758 64633 79399
48762 90298 76898
48862 34434 57854
48863 44680 75581
48978 45800 44560
48991 31017 16793
49176 16149 48820
49236 30248 69476
49245 9646 22343
49334 45094 37851
49502 17696 14762
49701 66643 59099
49788 15641 33581
49913 33806 53581
50004 25395 47993
50130 69537 43173
50238 2868 59607
50342 8990 13334
50368 65576 79795
50372 44232 66643
50379 47694 48961
50390 12085 64682
50478 23996 82262
50515 26104 27143
50551 91336 55828
50786 24141 58562
51017 13637 90638
51100 88625 41699
51183 80199 8260
51339 72935 17761
51453 18293 24503
51606 82000 72447
52115 18991 23160
52122 13459 37232
52190 39458 33586
52484 8751 11938
52506 11183 32584
52569 92738 56592
52706 28101 26206
52767 12566 22860
52769 1749 47954
53038 53408 78202
53064 57391 83244
53324 66196 66232
53379 63631 10916
53415 80068 88538
53473 4244 87182
53568 64233 8708
53610 27508 66795
54000 49355 70693
54027 34113 72304
54075 26907 86996
54090 49561 67975
54288 73844 75594
54368 90912 98480
54459 93378 34791
54473 75992 64733
54492 63621 68624
54657 33739 56193
54661 98078 42574
54702 71849 29633
54723 15807 13863
54917 80634 72840
54932 27274 33043
54987 810 14496
55017 38863 62249
55390 53910 68008
55439 30146 31050
55623 92833 9654
55671 69848 15650
55731 63754 77251
55938 33800 458
56073 8954 26910
56212 88430 83763
56324 38136 92425
56499 35091 64033
56532 6464 74335
56806 83338 8467
56884 39492 46940
56963 42937 44636
57163 95283 12220
57468 20137 84520
57522 75752 5979
57551 54500 53007
57817 29995 35302
58010 92681 1699
58090 48449 84390
58355 86209 55181
58440 90490 72667
58510 21603 10537
58600 58610 24674
58678 2252 4899
58789 70930 64980
58804 14832 15476
58822 29526 36617
59320 97049 87257
59377 13016 96719
59452 54974 73282
59605 61835 76722
59676 74904 95696
59701 95696 57036
59754 56012 88404
59796 77785 78938
59825 62251 82679
59838 94276 13123
59854 97477 47094
59888 12227 14888
59960 1068 5598
60073 69541 42048
60200 47197 26298
60348 71052 52612
60355 92119 96444
60385 28799 38326
60501 41820 38726
60594 54682 22656
60597 90807 61714
60740 28370 19175
60788 150 74127
60847 48524 77907
60988 93427 61768
61282 71014 81944
61349 80757 81866
61543 9428 31392
61554 58611 66265
61567 80211 79966
61606 77891 47330
61646 861 93968
62037 16566 11955
62069 58648 15438
62097 37097 57372
62107 30738 92511
62131 52786 31082
62207 43868 35096
62407 17016 67915
62504 53190 87717
62595 4224 13788
63338 3361 52893
63772 26819 95771
63799 8682 59432
63929 19987 99561
64013 76089 18062
64128 59750 5543
64320 80035 47274
64438 19252 97585
64557 96497 47948
64679 22772 14575
64763 93454 67903
64862 4417 69782
65136 37466 23125
65372 89656 93263
65383 21190 74915
65429 72973 24066
65446 99453 40763
65551 61090 10976
65559 7792 72294
66045 32343 4756
66267 8852 28151
66454 16647 17632
66600 6375 89441
66678 5635 93757
66713 9674 28970
66714 97408 58645
66848 15396 20678
66906 37599 50022
66919 832 19044
67046 4741 53744
67122 34720 71523
67128 68940 43866
67145 7550 74127
67262 36247 16401
67324 33219 66430
67423 17113 73931
67479 32584 43852
67614 47473 28907
67666 40265 98832
67867 45226 49519
67875 39875 75776
67972 282 65511
67974 29197 13656
67984 75722 39233
68030 85305 53395
68042 11113 70734
68129 61097 7885
68213 58358 57723
68259 11036 44872
68270 68158 47244
68343 94361 70406
68438 78909 40009
68623 63521 23127
68923 71612 74817
69142 67513 67450
69255 78014 55668
69380 39809 981
69477 8464 75812
69482 87108 42647
69484 12519 31711
69516 49063 6800
69645 48866 12534
69668 83066 58281
69738 23039 86504
69751 68504 21596
69812 82288 66654
69816 9083 6789
69909 41268 89092
69990 7219 63855
70026 93942 81908
70111 12066 66635
70221 57677 34366
70272 9926 15360
70606 79730 3184
70727 91914 78139
70938 92089 75470
70956 97181 8125
71072 16262 64398
71114 45537 62459
71190 38678 98447
71221 63933 98269
71271 74692 50048
71496 25786 12602
71685 18224 78090
71770 42792 44467
71838 24558 96867
71999 69876 6545
72018 1106 34691
72106 19631 52251
72114 97482 2017
72132 76670 95350
72319 32582 34745
72492 24072 41577
72579 43835 37037
72586 97061 98113
72691 48203 87759
72953 40220 73456
72977 2447 89077
72980 79470 63950
73027 77274 77976
73060 33136 64649
73140 30885 36004
73174 12985 64776
73230 13861 38385
73313 89447 56697
73425 98213 57104
73632 39860 65656
73649 14652 42087
73781 53914 24273
73911 10934 22157
74005 70909 23484
74066 74315 47477
74234 16352 60368
74256 92146 42435
74370 53453 10593
74399 73909 17256
74556 13157 73628
74735 25182 65474
74852 69597 63452
74996 91067 13300
75082 19325 20215
75128 82126 25510
75237 56207 44398
75313 73866 80090
75375 56157 38046
75509 69358 37741
75677 64080 41706
75739 60987 66666
75941 10076 80492
75953 97276 35707
76144 55195 63108
76175 14930 23016
76244 23992 4048
76260 50034 88251
76377 95024 49060
76391 50601 75934
76397 36472 81822
76552 1490 18867
76553 5122 79522
76887 92426 16726
76905 59972 58146
76913 64738 39680
76918 69482 36312
76926 3774 88399
77030 70827 35023
77174 64208 63020
77200 40967 93287
77393 95976 57377
77493 97702 81732
77676 89496 37019
77882 45895 42346
77907 28660 71505
77918 35636 93403
77971 58706 47665
77976 10485 7721
78193 50787 11320
78284 94375 30125
78289 50385 6082
78314 98997 44338
78420 53122 47713
78425 55821 70559
78513 87707 99806
78659 65593 71873
78759 93352 97819
78813 76596 78031
78998 8316 31853
78999 28596 39749
79042 99034 94932
79222 87845 95951
79253 45260 63920
79708 72177 54565
79738 71123 16756
79812 80030 29704
79837 12822 94303
80009 66013 43143
80178 26907 85709
80223 66793 33219
80383 35688 51910
80447 40310 98612
80551 48841 57674
80629 67305 84006
80755 27603 70579
80808 39472 55655
80819 22382 1778
80915 64913 25830
80922 40951 74864
81043 33295 31683
81162 46014 48566
81313 45054 38332
81430 29984 24353
81474 13548 90581
81579 78024 66930
81765 36087 79485
81817 6553 81756
81982 99758 65443
82086 50597 94009
82347 90274 30184
82359 72941 17502
82439 53211 98268
82455 23645 65619
82534 29757 61494
82955 938 84910
83085 79362 58528
83189 15317 13435
83209 99373 95261
83224 60528 61740
83439 64128 60964
83503 12699 96889
83594 8208 95089
83752 85302 39805
83828 44838 55432
83899 21472 43327
84222 2551 55905
84261 39347 86948
84370 86691 91078
84487 93985 21715
84713 72124 23077
84849 25109 95504
84856 48456 15203
84873 10787 91684
84883 80678 12674
85073 32388 56057
85228 1840 50565
85280 35508 82786
85447 44269 60425
85554 25283 64478
85559 30776 82225
85589 25988 4507
85620 98694 28152
85652 68411 84139
85708 26479 35562
85812 52689 90896
85934 24601 97424
86116 97558 48487
86199 10970 45568
86201 81616 33762
86233 55780 82132
86273 58513 48431
86389 17355 9770
86433 48970 20421
86546 40930 61258
86677 91950 63120
86964 57475 92734
87395 85171 27030
87402 35447 88703
87539 12039 51807
87555 98699 44955
87626 86200 43176
87738 38975 21031
87782 97049 58245
87807 92035 39248
87903 15545 98893
88286 61433 91373
88442 80870 72087
88496 28751 59310
88519 95924 91331
88602 19477 44124
88617 92460 11127
88895 5462 637
88903 51699 77756
88919 59062 53203
89049 49941 79898
89088 4267 94043
89094 35536 33417
89294 51779 70324
89475 37570 45956
89591 56880 9910
89783 45471 71250
89788 26844 59338
89851 5962 11816
89946 73027 77292
90004 64446 94973
90326 80853 598
90449 25480 93523
90514 99951 40456
90633 84811 87967
90713 10778 37482
90740 51657 10466
90925 32423 7421
90938 32882 83878
90940 97128 47390
91023 55830 2524
91059 4455 80058
91316 25780 16779
91333 57085 79043
91340 22104 63237
91382 98032 70673
91418 57741 24236
91601 65523 116
91714 64433 54382
91721 69525 28585
91751 64092 71359
91846 3000 42346
92112 95291 79468
92235 20593 77097
92276 73513 80039
92328 21781 6283
92490 68338 91374
92512 90515 90357
92751 79430 43613
92965 71381 43800
93006 78386 39903
93113 15572 19079
93122 15258 72868
93335 18411 57112
93375 59957 81097
93450 68331 10790
93575 76466 45790
93618 36046 52945
94481 4795 49088
94519 2596 20894
94902 83421 49752
95063 7735 85295
95091 99996 44398
95094 43180 72236
95109 58320 87791
95419 65091 3193
95496 95615 65198
95673 7808 92514
95719 10987 48539
95740 33631 26533
96144 83352 22661
96302 97870 23241
96491 96772 15762
96499 12991 15445
96607 18108 62007
96733 89902 99207
96986 94364 75630
97062 83729 86695
97073 73497 42292
97270 55833 50525
97299 14222 64901
97325 42432 63378
97650 74586 78301
97871 68373 72689
97977 35465 43888
97995 464 3432
98156 69628 84618
98408 29340 16718
98442 91604 85896
98730 89721 70894
98748 35167 6760
98785 67331 64563
98796 53762 17044
98800 72070 86417
98840 45055 72051
98854 25429 33246
98917 44276 6695
98989 47090 51444
99207 14219 47076
99290 95753 99648
99308 25859 28656
99409 82348 82192
99616 44760 7818
99618 99160 35454
99687 95658 55356
99702 92363 22418
99706 5671 53371
99730 37255 28153
99988 79785 85527
