100
1354 92928 21725
3445 66362 43876
3572 36130 84915
3645 18688 40874
4618 14912 9714
7586 40422 5396
7756 57972 62740
8383 91260 22899
8444 34624 39979
9536 14555 28268
10666 49856 96192
11247 91575 63978
11900 45604 49838
12333 25296 18392
12590 38157 21022
13608 80213 86931
14189 479 42177
15239 50320 82583
17387 17119 30192
18185 98238 26381
19956 51326 13801
20808 56784 52738
21193 93401 68138
25752 80975 84074
27851 18839 54690
30818 9755 54723
31122 86270 52855
31656 27693 87245
33713 38858 16219
34023 65409 52986
34040 87678 58528
34999 90738 19660
35277 53081 59284
36320 86871 67954
38731 1191 72697
39224 42210 65549
40182 38234 7597
42318 95931 58097
46249 53836 54661
48758 64633 79399
48978 45800 44560
50368 65576 79795
50478 23996 82262
50551 91336 55828
54723 15807 13863
54987 810 14496
56884 39492 46940
59452 54974 73282
60200 47197 26298
61606 77891 47330
62037 16566 11955
62207 43868 35096
67875 39875 75776
67972 282 65511
67984 75722 39233
68030 85305 53395
68923 71612 74817
69484 12519 31711
69909 41268 89092
70606 79730 3184
70938 92089 75470
71072 16262 64398
72586 97061 98113
74066 74315 47477
74996 91067 13300
75128 82126 25510
75375 56157 38046
76175 14930 23016
76244 23992 4048
76377 95024 49060
76553 5122 79522
77393 95976 57377
77493 97702 81732
77918 35636 93403
79222 87845 95951
79812 80030 29704
80009 66013 43143
80755 27603 70579
80819 22382 1778
81430 29984 24353
81474 13548 90581
82086 50597 94009
83085 79362 58528
83503 12699 96889
84849 25109 95504
85447 44269 60425
85589 25988 4507
91340 22104 63237
91721 69525 28585
92751 79430 43613
95719 10987 48539
96491 96772 15762
96499 12991 15445
97995 464 3432
98748 35167 6760
98840 45055 72051
98854 25429 33246
99290 95753 99648
99409 82348 82192
99616 44760 7818
