1000
7 2735 7523
28 2519 3123
31 2548 1030
45 7857 1428
65 573 568
83 3580 3590
89 497 7574
96 4738 7018
101 771 3071
104 5812 5115
109 7247 6124
112 7697 3809
150 8003 813
151 5571 8085
154 8346 8198
177 9242 9770
182 3545 3995
188 1058 426
194 9676 5125
207 1257 8478
211 2854 5720
228 540 4002
250 7496 4047
263 4443 3559
278 6779 4883
335 4567 6603
338 3887 7410
362 517 227
384 7388 2256
393 5554 879
398 1432 6222
417 6754 5107
418 3110 4085
444 275 7104
451 6298 7954
473 8766 4441
478 5204 2717
480 8473 6078
493 9366 9554
520 1040 5918
528 806 4981
529 3562 5396
541 1954 978
548 4318 1532
554 1837 3166
556 1277 1129
562 7567 7934
566 3234 2436
586 9423 5681
594 3339 5477
596 3798 5181
598 4024 6922
615 7491 6037
626 490 115
638 103 2917
646 9782 4351
649 6761 3848
661 4115 6128
680 141 1516
691 1079 7218
704 566 6738
708 3774 7949
712 9937 4692
723 6926 8431
729 5383 9019
734 5860 5292
741 953 2851
749 9917 3615
765 2530 7375
772 3837 3928
784 3510 341
795 5827 1123
799 9663 6477
810 5625 2757
812 1335 1788
816 7065 336
840 3665 5440
843 2642 1026
846 9626 7294
847 5377 9265
855 3409 4182
859 2249 3824
871 511 8082
882 5237 6268
885 3924 1707
895 8093 7745
900 7446 8645
913 9446 8119
926 9228 3556
932 1745 1780
939 5455 6590
940 2826 5658
974 635 69
981 1244 2894
984 4451 5888
997 794 6593
1000 4289 2587
1017 5462 4691
1032 4267 7641
1044 7813 7224
1057 8076 36
1070 3775 1803
1071 4001 7456
1083 3856 9744
1093 9028 9619
1103 5717 7990
1105 489 2345
1137 2499 4936
1150 1272 6937
1152 8321 1993
1180 2317 6499
1184 1369 9630
1207 2045 1973
1212 883 3442
1219 4237 5604
1222 6506 1123
1231 1781 9225
1240 9188 3510
1253 7916 9418
1271 363 2203
1273 4487 3630
1278 1921 4222
1284 7984 7773
1289 3966 9931
1293 7659 179
1304 1604 6606
1312 2584 7874
1327 7280 2760
1343 2391 8426
1351 6058 7758
1363 6669 4881
1366 5173 8789
1383 2828 9615
1387 6041 8962
1388 7602 6564
1399 7518 2181
1400 6860 7635
1404 4898 7078
1407 3566 5898
1427 6427 2831
1438 2637 8717
1443 4876 835
1444 7272 8641
1446 4859 8376
1451 9870 4003
1471 2832 8755
1474 3149 3411
1485 3434 6623
1525 536 3010
1537 5355 3296
1540 7979 6132
1544 2454 8553
1547 8674 967
1557 809 2956
1564 3581 115
1565 4329 3290
1566 3749 2223
1567 6281 9782
1580 8514 205
1591 3185 8313
1592 9313 442
1599 5900 8203
1607 2548 8322
1608 3217 4491
1611 6776 975
1618 2981 4915
1631 6010 1293
1647 1870 9839
1649 6288 432
1651 3346 2599
1653 5838 2234
1659 1237 6409
1678 3521 5455
1681 5065 5709
1692 1451 9473
1701 3682 5375
1703 4465 9876
1710 4432 3535
1729 6546 8667
1736 5123 2344
1743 3176 9652
1749 7884 6502
1762 3532 1645
1776 5350 9423
1780 1416 6141
1791 8873 8935
1792 7466 5543
1793 5788 8349
1798 3146 7304
1805 3636 2350
1831 9396 8213
1855 4356 9726
1868 448 9376
1875 3190 9851
1898 8654 5329
1902 8456 1710
1906 1904 1081
1912 7205 7679
1914 3692 239
1918 9195 1076
1952 9527 1952
1955 3806 7740
1965 6013 8602
1981 9114 9804
1991 5669 4932
2000 3371 7943
2024 4235 6868
2056 5159 3096
2058 9013 5886
2067 9946 9150
2073 4976 5568
2079 6239 900
2099 8433 2426
2105 8715 6792
2126 6894 5422
2130 3911 5393
2131 5518 8016
2135 4622 3047
2136 3394 3975
2157 3968 6508
2166 7166 1223
2167 6295 373
2169 8481 6267
2173 54 8906
2176 5270 8877
2180 834 2188
2201 5752 1220
2204 6582 8144
2208 9258 8674
2215 9871 8470
2220 5156 5337
2227 1588 7593
2229 9675 1905
2230 1500 291
2253 1227 7206
2256 1398 6143
2257 8612 3709
2258 4257 7355
2261 1697 6077
2268 2865 1471
2280 6105 1242
2320 334 2695
2345 6220 6612
2353 9963 7233
2356 8158 9577
2381 4589 890
2415 8081 6620
2419 1860 8221
2421 8798 9186
2426 9340 2012
2429 989 3345
2431 2363 3672
2491 4640 1328
2508 2600 6650
2512 741 4269
2521 8982 9896
2522 3219 3686
2524 3164 334
2552 7908 7328
2555 7270 3863
2592 7106 379
2596 5195 1295
2626 8691 6873
2630 6341 9827
2633 3863 128
2641 4493 9429
2646 3041 8960
2654 9082 1699
2662 5906 2564
2672 6515 1982
2691 3446 6466
2709 3597 9940
2713 5421 2922
2747 7672 9983
2761 4571 4848
2767 4118 1056
2801 5140 5453
2819 2568 1203
2821 6073 7491
2837 1066 2329
2848 2705 1107
2854 9510 4074
2858 3999 9689
2861 7036 7775
2884 5903 7739
2913 8505 58
2935 1896 8668
2958 3062 2984
2994 2629 6828
3001 1918 2920
3008 1066 7014
3050 5350 8306
3056 3811 1031
3072 3051 1385
3095 9768 1803
3104 9893 782
3106 7335 5237
3134 7122 9676
3146 5707 738
3147 4692 3272
3155 801 2205
3160 1032 9804
3172 1734 4992
3174 6948 99
3198 3333 2605
3204 1662 3142
3226 3711 9254
3227 8753 5897
3233 6755 6568
3238 2845 6884
3240 2431 5769
3244 5356 5102
3254 6959 320
3261 7381 2560
3272 2884 9853
3276 8693 7084
3285 4400 1496
3291 6129 4766
3298 4390 1254
3304 1680 8580
3306 5340 1072
3322 1425 6792
3324 658 6278
3337 9568 6325
3340 9827 9256
3344 6440 4654
3356 2457 9707
3375 6506 7350
3385 187 4874
3386 8584 1004
3390 7861 9346
3417 6729 64
3427 1425 1043
3429 1374 9616
3454 8500 7919
3459 9312 3945
3474 2690 2414
3479 1642 6999
3481 4383 3627
3485 7756 8992
3499 7708 2315
3516 649 1939
3522 2006 652
3523 6138 1258
3532 670 6392
3533 3673 9499
3539 7245 6996
3579 7018 3147
3590 8683 9645
3597 9077 1732
3600 8744 4474
3604 4031 1267
3611 1316 8068
3623 5983 6735
3626 4977 461
3631 658 8342
3657 9115 2416
3687 4089 6075
3696 1567 5233
3701 3706 6311
3716 9537 6843
3717 248 1565
3745 3724 224
3751 1158 7157
3760 566 9721
3768 3606 6045
3769 2125 8632
3770 9989 7422
3771 8149 2849
3773 3468 789
3775 3502 8208
3782 5223 625
3784 4912 8071
3798 8961 276
3803 5775 2010
3821 9934 78
3824 9179 1549
3840 5489 8100
3843 2316 4785
3865 9325 8373
3870 3052 2778
3871 657 3911
3888 2570 9001
3896 4453 4987
3901 4654 1923
3921 4399 264
3929 2470 1418
3943 8240 2794
3952 7476 7743
3960 8149 109
3971 6440 1232
3987 8471 4793
4000 3894 2162
4005 7097 4306
4024 1805 4728
4026 4962 1719
4031 925 5910
4034 2179 1441
4050 8308 931
4070 561 6983
4075 1325 381
4096 8440 7597
4113 8100 7628
4126 2832 3399
4128 3636 5907
4130 6819 5985
4136 3804 5974
4137 2921 587
4138 4876 4547
4157 8082 3426
4168 7894 109
4179 9107 8405
4195 8825 3442
4213 4958 8771
4216 3128 6153
4227 8844 5342
4231 2968 3355
4234 6602 3801
4268 2610 6002
4273 399 3013
4279 9858 9495
4280 3070 5424
4288 9156 9907
4308 1800 1526
4309 9823 5769
4313 3208 4798
4330 938 385
4333 2158 4734
4335 7226 1948
4339 718 3486
4342 3800 334
4362 3351 5755
4365 665 3599
4376 5645 1527
4378 8517 8229
4385 4294 2467
4400 9990 2166
4415 5213 5778
4416 9444 9616
4418 3011 5631
4437 5152 3155
4442 1844 500
4445 6058 7192
4449 5365 1069
4466 3091 41
4468 7270 5256
4480 9285 1719
4481 7117 2175
4496 4440 6031
4498 2392 7732
4499 4044 7480
4506 369 5882
4509 5859 4882
4510 8224 5862
4513 7473 1032
4528 5618 6368
4529 1624 4367
4558 4875 9326
4560 3945 6857
4573 4040 9901
4576 1221 4405
4584 4688 1363
4597 2520 8497
4640 3810 8152
4650 4486 3071
4658 3711 6771
4659 4468 9568
4669 6743 4966
4704 1448 7019
4741 5000 7982
4745 6897 2244
4746 3959 7322
4749 6392 2210
4776 6351 2108
4785 9340 3199
4803 1025 8157
4805 792 1344
4806 761 593
4808 5547 3581
4820 6199 1290
4823 6081 8377
4847 9047 883
4856 3886 4578
4904 3165 6042
4914 2345 8131
4929 1885 2916
4935 661 11
4939 4138 6643
4990 5493 3672
4994 8011 7586
5020 218 9821
5024 6691 4339
5025 461 8844
5043 4964 2897
5057 3695 5500
5061 7621 7260
5066 5512 9237
5071 3598 2895
5072 5514 25
5080 3297 7716
5082 7130 209
5087 6445 4615
5093 728 5941
5097 9882 2331
5099 8039 6875
5102 4794 4899
5142 7043 9514
5144 7218 686
5151 7989 8235
5176 5817 6001
5181 1068 8444
5187 8917 5905
5195 1065 1415
5205 3299 3782
5224 3047 2329
5229 7772 9232
5245 7024 444
5261 6751 5389
5275 9057 1616
5277 5587 5356
5280 2747 2932
5284 2982 6888
5285 3859 5003
5290 2950 9850
5294 3017 5177
5312 6032 678
5317 7847 6416
5321 532 1044
5330 1885 6449
5342 2691 9342
5344 5516 1298
5349 2538 5805
5355 9369 8169
5360 6767 4858
5369 47 28
5384 95 9423
5385 1334 1010
5389 950 6539
5397 6596 7168
5403 5122 6280
5405 2226 3328
5422 8672 848
5428 9489 3378
5436 1423 8587
5441 9079 5883
5442 7291 2905
5481 4774 9128
5483 9711 9320
5487 1606 8951
5518 1156 6994
5525 4182 491
5530 4723 6114
5535 2860 179
5554 3759 1079
5560 1027 1582
5577 4505 7450
5593 331 1495
5602 1210 8686
5608 2027 2494
5612 2340 4729
5616 3170 5008
5628 1932 6925
5636 1152 147
5637 626 4637
5646 2632 5861
5669 661 2013
5672 4334 1714
5680 4543 5603
5682 8489 823
5684 8806 2850
5686 7838 4931
5690 1596 5493
5691 1696 2333
5695 9948 2365
5756 5900 1780
5779 2917 8730
5788 6452 3554
5790 8882 4756
5798 7930 4094
5801 1523 9626
5828 8381 7991
5841 3957 4495
5854 2603 594
5862 1208 7025
5873 4549 182
5884 7345 3438
5897 2061 3390
5933 1381 9872
5941 8239 9323
5942 9688 7540
5943 6310 3569
5948 5793 63
5952 2088 7286
5954 4157 8664
5958 8977 2537
5965 8626 7286
5968 7275 5168
5971 3160 5488
5975 8501 7424
5986 305 9282
5991 7050 5239
5992 4510 3491
6013 913 3110
6023 8194 2839
6035 6527 3615
6036 8939 8286
6041 9945 98
6042 2251 6866
6058 4719 2577
6064 8047 9868
6076 7752 882
6077 8149 9738
6101 2971 765
6102 2606 1092
6104 5224 9833
6107 6043 9074
6122 6436 7634
6125 5146 8352
6128 6096 7754
6137 8972 4807
6143 9289 7253
6145 3412 8989
6157 5612 1554
6182 8369 6884
6213 411 5103
6224 7565 8539
6255 3347 3427
6280 4790 3578
6285 5397 2391
6317 6897 3219
6322 6241 3314
6335 2995 7862
6338 3619 7723
6348 8864 6629
6370 5459 7660
6380 7771 9210
6388 6540 2530
6393 3020 6621
6399 9778 1779
6401 7835 3363
6417 2556 4187
6432 1645 6724
6438 5529 7133
6444 9131 7833
6474 4071 4491
6476 2715 2876
6478 6128 6080
6516 7066 9387
6531 9517 9063
6533 1730 336
6541 7331 5917
6551 2413 5787
6561 2391 712
6563 852 6399
6564 2868 8008
6604 5609 2312
6606 7804 5750
6627 4501 4377
6632 4303 2887
6633 3843 6622
6665 8063 6260
6670 4239 4277
6676 4135 1132
6681 5001 9682
6682 9102 1915
6702 4098 4751
6709 8273 279
6713 2710 826
6716 4481 384
6725 919 8873
6727 7248 4857
6732 4057 6922
6747 5510 620
6751 4419 7738
6756 1429 988
6759 5234 4315
6771 2754 1615
6774 3514 9616
6785 287 2654
6786 2587 706
6790 1725 2468
6798 4094 1961
6800 8243 4252
6810 4272 7994
6828 3837 3620
6829 6634 1175
6840 4383 8458
6844 5903 2433
6856 6873 462
6867 8091 6831
6869 8013 3589
6875 6783 2354
6919 1654 2919
6924 4269 8770
6929 7920 7689
6952 4527 2472
6954 1423 6719
6957 4874 5464
6961 9451 1356
6966 5876 5500
6967 8438 69
6973 9081 7147
6976 4276 9765
6985 7252 7062
6990 6676 4949
6991 1443 2395
6999 9503 971
7012 2018 3239
7047 8159 2722
7053 9934 1058
7057 8742 5080
7060 6784 7814
7067 8860 3032
7084 2574 557
7087 2399 6766
7103 4679 2063
7109 9371 1675
7113 6789 9502
7115 7156 2584
7117 3943 2792
7155 3227 1075
7157 6177 608
7167 6425 4426
7189 3715 7627
7214 9670 4380
7217 9725 8021
7219 7290 7046
7225 5550 170
7233 3049 2628
7247 2887 3927
7255 9909 3452
7283 8552 1159
7292 2288 1321
7293 3539 129
7296 6920 2918
7298 9527 9614
7312 6258 4407
7320 5863 5509
7328 4238 8258
7334 1532 2904
7376 5119 7349
7401 7012 8456
7420 7891 7120
7427 4011 123
7428 7626 6835
7434 272 5999
7435 9324 2867
7439 6529 3541
7468 5459 6300
7472 1975 9977
7478 8065 5103
7481 882 1035
7486 9662 3213
7490 9076 593
7505 566 1225
7512 7485 9087
7514 9132 4574
7526 8314 9874
7527 6678 5696
7530 2954 2712
7542 7038 3426
7547 5277 520
7595 1091 8799
7604 146 5170
7606 553 5530
7612 1307 486
7625 6389 2321
7631 1227 4169
7636 2082 3806
7640 3862 9147
7655 9925 5786
7670 6023 5099
7671 7371 6537
7687 3350 4306
7712 976 5326
7719 8543 9538
7721 1408 923
7736 2500 528
7746 6434 4376
7761 7100 7042
7774 3632 5583
7778 1273 2979
7784 7437 2898
7790 955 7299
7794 8502 2512
7814 1496 8679
7855 4433 7987
7856 9862 9866
7869 9463 5573
7873 7495 392
7879 5937 9698
7882 8443 7237
7886 5067 3592
7900 9303 7999
7908 8438 4970
7921 6908 3068
7945 2215 8352
7965 3231 8917
7972 7589 6203
7978 1590 5009
7986 6601 9056
7989 1429 4207
8003 8390 2611
8016 8581 7335
8030 5817 8661
8041 4762 1796
8045 6398 1220
8073 4825 7138
8076 1517 1786
8085 9280 7668
8089 9413 6998
8111 4560 7226
8112 9848 6573
8128 5717 8635
8134 4418 6844
8139 8749 6073
8159 5475 3254
8185 6789 1914
8187 1986 1848
8222 7702 7354
8236 3013 6179
8243 444 7157
8244 5145 2548
8259 9950 9991
8262 3195 4179
8266 5299 3082
8282 3273 4896
8293 2671 1520
8295 7897 1336
8305 213 1044
8312 4817 8200
8316 5884 8730
8322 7170 4389
8324 330 3313
8341 4474 2903
8349 8096 8040
8360 2113 2889
8362 4655 7444
8369 473 2887
8380 3311 4341
8381 6419 5407
8393 1932 2658
8397 324 8487
8399 1301 6209
8403 1752 9612
8411 5366 4135
8439 7386 2885
8445 7860 6319
8460 1777 3552
8462 6283 1159
8470 1566 6128
8475 7087 6785
8479 2902 9213
8490 1280 3206
8499 2811 6941
8508 8412 5821
8509 7228 9265
8528 3942 8193
8555 344 1765
8556 6197 7747
8567 5650 307
8583 4304 9383
8597 3179 6134
8599 5824 5740
8603 6472 5264
8609 8812 7139
8615 9604 4436
8630 3851 4989
8650 1847 1046
8655 4897 2555
8658 6782 5952
8676 3032 3598
8682 1972 8067
8685 7193 8561
8694 5309 2760
8699 8898 17
8701 6739 7288
8702 259 8309
8732 663 1951
8734 4669 2579
8735 5534 4709
8736 3710 4849
8738 9003 8922
8739 2793 283
8745 3922 652
8746 4294 7819
8751 106 3693
8753 4443 7935
8754 8880 5692
8771 2754 4860
8786 6579 9517
8795 6839 5525
8799 1816 6174
8802 7545 4040
8827 3699 175
8836 8513 6344
8848 4105 9402
8852 9960 5959
8881 6989 8142
8896 5668 3245
8913 5125 7335
8925 6726 1761
8927 8047 7530
8930 1174 2312
8931 7333 3951
8948 7089 8484
8952 8911 3304
8986 9182 1067
9004 9136 6889
9010 2891 5960
9022 1500 5056
9034 143 4932
9035 4530 8988
9036 9999 8625
9053 1372 2119
9084 9142 2887
9092 3022 4945
9123 4253 7743
9129 7825 3528
9137 6409 2808
9140 993 5671
9151 6455 9168
9158 5194 2257
9159 6298 8855
9171 7485 3978
9175 2277 5422
9184 6024 9720
9190 3403 2949
9192 5256 7935
9206 5975 2633
9208 4919 3149
9217 2863 7174
9219 414 9531
9234 2073 2213
9240 5464 1191
9245 7517 4068
9256 4741 4988
9260 584 4029
9277 232 8257
9279 7597 4326
9312 6815 2730
9333 4240 5538
9337 4952 1026
9339 8761 4658
9343 6074 2079
9351 2117 7689
9356 3154 3272
9360 42 1518
9371 9827 6588
9382 3356 1591
9383 5744 4386
9393 9842 7400
9400 2367 5685
9418 2455 7534
9429 1770 8933
9446 7061 6358
9463 5449 529
9480 5741 780
9482 5216 928
9486 7997 1010
9489 1811 7194
9494 6274 8612
9497 9359 1433
9499 799 8290
9510 4100 9728
9547 1180 3532
9589 7733 578
9612 8985 6480
9633 3695 3530
9655 5031 7181
9657 209 3463
9660 992 3199
9666 1325 9427
9676 8022 2656
9678 8600 4285
9699 5590 1205
9710 1634 5457
9749 5845 2232
9750 3313 8318
9752 3722 2031
9775 7259 4738
9780 2038 4948
9790 7933 5740
9808 2403 2489
9811 7155 4051
9817 7308 6715
9822 4766 9834
9825 4155 6509
9864 430 5536
9878 3165 3695
9884 3460 1093
9892 6433 1919
9909 4128 1714
9917 6190 7838
9926 7290 5796
9939 9450 1427
9940 9313 6958
9941 3727 8062
9955 813 2756
9987 1278 124
