100
102 7476 7749
135 6123 8187
160 1810 8705
233 9799 6157
283 1370 9858
316 9351 2331
358 61 910
540 9653 1388
1054 690 7532
1169 4686 2211
1452 8727 938
1570 3665 9276
1672 7360 1551
2069 9652 6230
2071 1885 2394
2146 5378 5614
2157 4674 9543
2198 5004 684
2218 6272 6397
2253 1553 4459
2312 2799 5060
2455 1456 9357
2498 2622 50
2506 3300 5103
2621 6387 247
2639 4284 8548
2814 2588 4144
2841 766 5254
2911 5750 6186
3011 5939 8816
3131 6602 6119
3191 9200 5218
3224 3264 3160
3278 5931 3991
3390 2762 8551
3395 4654 5707
3532 3802 580
3627 9896 4170
3725 1244 5344
4003 3368 9105
4016 3836 8391
4075 8133 2494
4236 3691 3781
4248 4692 7767
4354 5222 9644
4365 6367 4525
4601 5362 7957
4625 1301 9113
4632 7093 7462
4706 9783 1997
4712 8879 2216
4910 1965 539
5016 4037 3938
5100 6502 7858
5186 1948 5802
5550 4878 278
5589 1594 7391
5736 6251 1912
5755 7756 340
5823 8411 1586
5893 9064 5060
6092 5711 5906
6158 3329 8169
6175 5462 1659
6196 5309 8389
6268 4831 4555
6362 5175 5981
6390 1600 7995
6402 9087 5554
6611 2393 6526
6684 1294 2338
6941 8051 7116
7050 7329 2207
7095 2423 5985
7124 7514 3877
7258 3352 5721
7396 7249 2021
7606 1265 5448
7755 2311 7541
7790 5495 6410
7816 564 3914
7833 4782 6613
7841 6556 6020
7897 3338 4802
8079 1744 4370
8098 9687 246
8194 7642 1789
8375 9663 9159
8432 489 1569
8755 2038 6805
8846 5210 5670
8909 7168 4044
9334 3055 7080
9491 180 4052
9615 820 1504
9642 1832 4232
9864 4900 3623
9970 4514 5848
9971 3788 7179
9993 6872 8332
