50
76 9794 1297
284 1449 6391
362 3773 7671
632 6401 5938
637 1422 2048
727 2636 748
905 4503 8594
1186 1734 8896
1537 9219 3554
1909 8544 1522
2031 3124 6106
2150 6631 3001
2180 4354 1213
2203 1517 8448
2296 4639 9014
2482 6954 2642
3054 5851 37
3418 6584 1606
3523 208 8614
3634 9190 8336
3962 4685 3343
4138 1203 2667
4509 5169 6718
4555 6186 610
4597 7677 7409
4785 571 6265
5039 1896 3518
5114 8201 8482
5180 6274 620
5314 6300 2327
5646 4340 5021
6336 8420 3282
6472 6217 5413
6604 2416 5835
6627 7912 5226
6877 1658 1762
6914 9827 9758
6943 6520 5727
7294 8466 3280
7638 4365 5724
7730 6139 1838
8151 8584 9947
8199 9755 7542
8208 9916 116
8442 3365 3512
8591 2278 5751
9185 2844 515
9524 9813 9617
9577 9416 4556
9616 8535 8304
